 1950  -4.460000      -2.600000     -0.2499999      0.2300000       7.560000       12.17000       14.64000       12.02000       8.030000       4.300000     -0.9499999      -6.880000    
 1951  -4.460000      -4.850000      -3.480000       1.330000       5.180000       9.170000       12.12000       11.04000       9.660000       3.810000      0.2100000      -2.010000    
 1952  -6.490000      -6.380000     -0.3799999       4.170000       7.050000       11.49000       14.84000       12.30000       5.219999       3.080000      -3.180000      -4.780000    
 1953  -7.580000      -6.030000     -0.7100000       3.010000       7.670000       7.890000       12.07000       11.86000       9.460000       5.480000       1.000000      -1.600000    
 1954  -7.360000      -5.380000     -0.8300000      0.4699999       5.170000       9.900000       9.580000       9.830000       8.800000       4.650001      0.3500000      -2.070000    
 1955  -2.240000      -5.240000      -2.860000       2.530000       5.500000       9.480000       11.72000       10.67000       7.969999       3.110000      -1.070000      -1.050000    
 1956  -3.230000      -12.58000      -1.970000     -0.7000017E-01   6.800000       7.240000       11.54000       10.27000       9.889999       2.760000      -2.670000      -3.460000    
 1957  -4.680000      -1.730000       2.880000       2.330000       3.600000       10.03000       11.87000       10.75000       8.150000       4.980000      0.5500000      -4.060000    
 1958  -4.589999      -1.590000      -3.860000     -0.3900001       8.889999       9.090000       12.52000       13.12000       11.56000       3.970000      0.1600000      -2.180000    
 1959  -4.440000     -0.8999999       1.190000       2.910000       6.640000       10.27000       14.00000       11.44000       10.63000       4.510000     -0.9000000      -2.800000    
 1960  -4.770000      -2.330000     -0.4100000       2.240000       7.830000       10.84000       9.999999       10.69000       7.000000       2.730000       1.060000      -3.020000    
 1961  -2.860000     -0.8000016E-01  0.9600002       4.480000       4.990000       10.50000       10.59000       11.71000       12.28000       5.060000     -0.4000000      -1.550000    
 1962  -3.380000      -4.840000      -5.010000      0.8499999       4.480000       8.980000       11.33000       13.86000       9.059999       5.600000      -2.300000      -5.810000    
 1963  -8.889999      -7.980000      -2.010000       2.490000       5.310000       9.220000       12.97000       10.11000       8.790000       5.280000       1.420000      -4.110000    
 1964  -3.420000      -2.160000      -1.690000       2.970000       8.080000       11.00000       13.61000       11.33000       9.800000       2.300000       1.260000      -3.940000    
 1965  -4.589999      -7.899999      -2.170000      0.3999996E-01   5.630000       10.35000       10.66000       10.47000       6.520000       6.400000      -1.110000      -2.710000    
 1966  -5.220000      0.4100001      -2.720000       3.390000       6.920001       10.75000       10.41000       10.74000       11.29000       6.220000      -3.240000      -3.750000    
 1967  -4.580000      -2.850000     -0.2600000       1.060000       5.970000       8.889999       14.09000       12.25000       8.719999       7.620000       1.620000      -4.610000    
 1968  -5.470000      -2.880000      -1.040000       3.660000       5.560000       9.650000       12.18000       9.910000       8.220000       7.710000      0.7600000      -4.180000    
 1969  -3.110000      -7.099999      -1.420000       1.270000       7.340000       7.860000       12.84000       10.84000       9.820000       7.510000     -0.3700000      -7.340000    
 1970  -3.190000      -5.049999      -4.540000     -0.6700001       5.010000       10.83000       11.95000       12.11000       11.04000       4.890000       1.960000      -3.870000    
 1971  -4.300000      -3.480000      -5.220000       4.490000       7.300000       8.340000       13.82000       13.73000       9.250000       6.990000      -1.510000     -0.4400001    
 1972  -4.030000      -2.240000      0.4400001       1.250000       5.190000       8.570000       11.67000       10.96000       6.389999       4.640000      0.9100001      -1.630000    
 1973  -3.470000      -5.780000      -2.470000      -1.360000       7.200000       10.40000       11.31000       13.65000       10.15000       4.060000      0.4000000      -3.750000    
 1974  -1.110000      -2.350000      0.6200000       2.300000       5.660000       8.780000       11.94000       13.37000       8.170000      -1.760000     -0.6500000      -1.310000    
 1975 -0.4799998      -1.220000      -2.580000       2.080000       6.610000       8.780000       13.07000       12.78000       10.79000       4.640000     -0.4500000      -1.760000    
 1976  -3.520000      -1.470000     -0.9199999       2.240000       7.820000       12.84000       13.03000       11.20000       7.629999       5.710000      -1.180000      -4.660000    
 1977  -3.890000      -1.780000       1.500000       1.100000       5.470000       8.750000       11.52000       10.42000       8.530000       6.620000      -1.120000      -1.380000    
 1978  -4.289999      -4.230000      -1.020000      0.3500000       5.240000       8.639999       11.31000       11.00000       9.469999       5.550000       1.200000      -1.670000    
 1979  -6.350000      -2.520000     -0.9899999     -0.1300001       6.150000       10.98000       12.30000       10.84000       9.809999       6.410000     -0.5400000      -1.790000    
 1980  -5.690000      -1.680000      -1.500000     -0.8499999       4.710000       7.930000       9.999999       12.67000       10.62000       4.210000     -0.1200000      -4.520000    
 1981  -5.650000      -5.180000       1.170000       4.050000       5.840000       10.21000       10.93000       13.21000       9.169999       3.940000     -0.1000000E-01  -5.290000    
 1982  -1.990000      -2.770000      -3.170000       1.410000       6.480000       10.48000       13.97000       11.28000       10.53000       3.690000      0.8400000      -2.580000    
 1983  -1.350000      -6.179999     -0.4599999       1.550000       3.860000       10.17000       16.40000       12.04000       10.04000       5.370000       1.310000      -2.140000    
 1984  -4.750000      -6.289999      -4.070000      0.7700000       2.980000       8.820000       12.43000       11.05000       6.849999       5.060000       2.250000      -2.100000    
 1985  -9.230000      -2.580000      -3.380000       1.850000       5.530000       8.290000       13.71000       11.97000       11.24000       6.690000      -3.310000     -0.6800001    
 1986  -5.420000      -7.690000      -1.340000     -0.7999992E-01   8.179999       10.18000       12.16000       11.59000       9.900000       6.320000      0.8500000      -3.080000    
 1987  -6.460000      -3.360000      -4.240000       2.770000       3.650000       8.099999       12.31000       12.58000       12.32000       5.840000      0.3000000E-01 -0.5999994E-01
 1988  -1.940000      -4.280000      -3.260000       2.980000       7.110000       9.200000       12.48000       12.94000       9.010000       6.680000     -0.5000000E-01  -2.020000    
 1989 -0.8599997     -0.6499999       1.700000      0.4999999       7.940001       9.360001       13.09000       12.30000       8.830000       6.140000      0.4100000     -0.9999990E-02
 1990  -2.010000      0.9499998       1.200000      0.9100000       8.500000       9.220000       13.27000       13.29000       8.670000       6.350000     -0.9100000      -4.929999    
 1991  -2.860000      -5.350000       1.460000      0.5799999       3.380000       8.780000       14.14000       14.69000       11.11000       3.630000     -0.4600000      -3.010000    
 1992  -2.740000      -2.160000     -0.2100000       2.340000       8.370000       8.760000       13.12000       14.98000       9.120000       2.350000       2.370000      -1.910000    
 1993 -0.6299999      -2.880000      -1.190000       2.960000       7.600000       10.65000       11.26000       13.31000       7.440000       3.170000      -1.780000      -2.160000    
 1994  -2.930000      -3.290000       3.110000      0.3699999       7.290000       10.65000       15.24000       14.04000       7.929999       5.220000       3.710000     -0.8000000    
 1995  -4.970000     -0.7500000      -2.740000       3.020000       6.160000       8.780000       14.68000       11.82000       6.310000       8.090000     -0.3000000      -2.800000    
 1996  -1.720000      -5.629999      -2.120000       3.300000       6.650000       11.33000       11.80000       11.11000       6.250000       4.720000     -0.5000000      -3.140000    
 1997  -2.950000     -0.4299998       1.980000       2.370000       7.330000       9.389999       11.18000       13.92000       11.33000       5.290000      0.5200000      -2.430000    
 1998  -3.000000      0.7000003      0.2800000       1.330000       8.040000       11.09000       13.31000       13.67000       8.050000       4.340000      -3.040000      -2.700000    
 1999  -2.440000      -5.010000     -0.4800000       1.800000       8.780000       9.580000       13.31000       12.95000       10.54000       5.490000      -1.950000      -2.980000    
 2000  -3.840000      -1.260000      0.1400001       2.930000       8.540000       12.09000       10.58000       13.42000       10.21000       4.720000     -0.5599999      -1.110000    
 2001  -4.030000      -2.190000       1.250000      0.6299999       8.670000       9.650000       12.99000       13.77000       5.690000       8.139999     -0.6000000      -4.470000    
 2002  -2.440000     -0.6299999      0.9100001       2.670000       6.060000       13.09000       12.36000       11.44000       7.669999       4.990000      0.8300000      -1.120000    
 2003  -5.030000      -6.559999       1.490000       2.910000       8.200001       15.75000       14.48000       16.44000       9.250000       2.030000       1.350000      -2.610000    
 2004  -3.830000      -2.620000      -1.660000       2.480000       6.010000       11.12000       12.39000       12.58000       10.11000       5.780000     -0.7000000E-01  -2.770000    
 2005  -3.860000      -7.449999     -0.6200000       2.580000       7.740000       12.65000       12.71000       10.92000       9.920000       6.090000     -0.9499999      -5.820000    
 2006  -5.690000      -4.440000      -2.720000       2.530000       6.630000       11.61000       15.88000       9.090000       11.23000       7.420000       2.110000      -1.420000    
 2007 -0.5000000     -0.5200000     -0.5599999       6.920000       7.330000       10.64000       11.42000       11.38000       7.829999       4.520000      -1.240000      -3.770000    
 2008  -1.510000     -0.7099998      -1.860000       1.250000       7.750000       10.84000       12.33000       12.48000       7.580000       5.240000      -1.320000      -4.460000    
 2009  -6.079999      -5.160000      -1.330000       3.490000       8.620000       10.66000       12.90000       14.47000       10.07000       5.010000       1.610000      -4.450000    
 2010  -6.450000      -5.460000      -2.010000       3.320000       5.380000       10.56000       14.31000       11.69000       8.290000       3.930000      -1.010000      -5.830000    
 2011  -4.220000      -1.460000      0.5699999       6.150000       8.849999       10.55000       10.56000       13.70000       11.24000       5.190000       2.160000      -2.040000    
 2012  -2.900000      -7.090000       2.400000       1.850000       7.330000       11.73000       12.67000       14.08000       9.000000       5.410000      0.8600000      -4.090000    
 2013  -3.750000      -7.180000      -2.360000       3.010000       3.750000       9.440000       14.00000       12.67000       9.760000       5.960000      -1.280000      -1.600000    
 2014  -2.580000      -2.940000      0.9399999       4.080000       5.380000       11.32000       11.21000       10.54000       9.719999       7.100000       2.760000      -2.370000    
 2015  -3.410000      -4.760000      0.2800000       3.780000       7.430000       11.76000       16.21000       13.42000       7.210000       4.240000       2.510000       1.090000    
 2016  -2.390000      -1.950000      -1.600000       2.770000       5.710000       10.28000       13.63000       13.55000       11.51000       4.130000      0.1600000     -0.3800001    
 2017  -5.740000     -0.7999997       2.650000       2.910000       7.680000       13.67000       13.76000       14.28000       7.359999       6.800000     -0.9699999      -4.590000    
 2018  -1.360000      -6.570000      -2.010000       5.590000       8.040000       12.20000       14.93000       14.15000       11.67000       6.570000       1.200000      -1.340000    
 2019  -6.360000     -0.3499999      0.5100000       2.450000       4.360000       13.52000       15.22000       14.10000       10.57000       7.240000     -0.4200000     -0.3600001    
 2020 -0.9499998      0.3799999      -999.9000      -999.9000      -999.9000      -999.9000      -999.9000      -999.9000      -999.9000      -999.9000      -999.9000      -999.9000    
