 1950   2.600000       6.200000      0.7000000       3.900000       3.600000       3.200000       1.800000       4.800000       4.900001      0.9000001       10.30000       2.400000    
 1951   3.400000       5.000000       4.400000       2.900000       5.200000       4.600000       4.300000       5.100000       2.400000       1.800000       8.800000       2.900000    
 1952   5.000000       3.100000       5.400000       2.300000       2.400000       3.300000      0.9999998       4.600000       5.300000       6.900001       9.500000       6.100000    
 1953  0.9000001       2.300000      0.3000002       3.800000       3.000000       9.100000       3.700000       2.900000       4.800000       2.900000       1.500000       1.100000    
 1954   3.000000       2.700000       2.700000       4.500000       3.500000       3.600000       3.200000       6.700001       6.000000       2.700000       2.700000       5.300000    
 1955   8.000000       8.400001       1.500000      0.8000000       5.200000       5.600000       3.400000       5.000000       2.800000       2.000000       1.100000       5.000000    
 1956   5.100000      0.7999997       1.700000       5.400000       4.300000       3.200000       5.600000       6.599999       4.000000       3.800000       1.700000      0.6999998    
 1957   1.600000       8.600000       1.200000       2.000000       3.400000       7.800000       4.200000       3.500000       3.500000       1.300000       2.000000       1.900000    
 1958   4.800000       7.800000       2.700000       3.000000       4.600000       5.600000       3.100000       4.000000       3.000000       4.400000       2.800000       4.900000    
 1959   5.100000      0.3000000       3.700000       5.100000      0.9000003       3.400000       2.900000       2.800000       1.700000       3.200000       2.300000       5.900000    
 1960   3.100000       4.500000       2.900000       1.400000       2.700000       4.800000       5.200000       5.500000       6.700001       6.200000       5.300001       2.200000    
 1961   3.400000       4.400000       1.100000       4.900000       2.300000       3.900000       3.800000       2.700000       2.000000       3.600000       3.000000       5.200000    
 1962   5.900000       3.400000       4.600000       4.000000       3.200000       1.400000       1.600000       1.400000       2.700000       1.600000       2.600000       6.800000    
 1963   2.300000       2.800000       6.800000       2.200000       1.900000       6.900001       2.400000       6.300000       2.300000       2.400000       8.300000      0.4000001    
 1964  0.4000001      0.9999998       4.500000       4.000000       3.800000       3.300000       2.500000       3.300000       3.300000       4.500000       3.100000       1.600000    
 1965   3.600000       1.400000       5.200000       4.800000       4.700000       3.900000       6.200000       4.100000       6.900001      0.6000004       7.900000       10.10000    
 1966   4.000000       7.400000       3.800000       4.500000       2.700000       1.400000       2.800000       3.900000       1.500000       4.700000       3.900000       6.300000    
 1967   2.200000       4.500000       5.100000       1.900000       4.900000       2.000000       2.500000       2.800000       2.400000       2.100000       3.500000       3.000000    
 1968   7.700001       3.300000       2.200000       3.000000       3.600000       2.800000       3.500000       7.100000       6.000000       1.700000       5.300001       5.300000    
 1969   2.300000       2.800000       2.300000       5.600000       3.700000       4.900001       3.500000       5.500000       2.600000      0.3000002       4.800000       2.800000    
 1970   3.100000       12.00000       4.400000       6.900001       3.600000       3.600000       3.900000       3.400000       1.600000       4.100000       5.000000       1.800000    
 1971   3.000000       1.900000       4.000000       2.500000       4.800000       6.100000       1.200000       4.600000       1.100000      0.9000001       6.500000      0.9999998    
 1972   1.400000       4.000000       2.600000       4.500000       3.300000       4.800000       2.700000       2.600000       1.900000       2.500000       8.500000       1.600000    
 1973   1.700000       3.300000      0.7000000       4.300000       2.600000       6.000000       5.900000       3.300000       3.100000       3.600000       3.100000       3.900000    
 1974   2.500000       5.700000       3.100000       2.000000       4.500000       5.800000       2.300000       2.400000       5.700001       6.800000       6.300000       3.800000    
 1975   4.800000      0.8999999       4.500000       2.600000       4.300000       3.900000       2.600000       5.000000       4.500000       2.200000       5.700001      0.9999998    
 1976   1.400000       2.500000      0.9000001       2.600000       1.900000       1.500000       4.400000       2.900000       4.200000       4.500000       4.900001       6.700000    
 1977   5.200000       7.700001       3.600000       6.800000       4.700000       4.600000       6.200000       3.600000      0.7000000       5.800000       5.900001       3.500000    
 1978   5.900000       6.800000       7.000000       2.800000       4.600000       4.500000       2.900000       4.200000       2.000000       1.600000      0.4000003       6.500000    
 1979   5.000000       4.800000       6.599999       2.800000       2.600000       3.600000       1.600000       4.900001       2.400000       5.100000       5.200000       7.900000    
 1980   4.800000       4.900000       4.500000       2.100000       4.000000       5.400000       5.500000       2.900000       2.800000       7.000000       2.500000       3.600000    
 1981   5.600000       1.400000       6.000000       1.400000       5.800000       3.100000       5.600000       1.400000       4.200000       7.100000       2.700000       10.80000    
 1982   5.200000      0.6000001       4.900001       1.400000       3.000000       4.200000       3.300000       4.500000       2.500000       7.600000       4.000000       6.700000    
 1983   4.300000       3.300000       2.200000       6.800000       7.600000       2.100000      0.5999999       3.700000       4.200000       2.500000       5.300001       3.300000    
 1984   7.400000       5.800000       3.000000       1.800000       5.100000       3.300000       1.900000       2.500000       7.400000       2.600000       3.500000       2.200000    
 1985   3.700000       5.000000       3.400000       4.300000       5.900000       7.100000       2.000000       4.200000       1.100000      0.2000000       4.900001       1.900000    
 1986   11.60000       2.100000       3.900000       8.400001       4.100000       3.000000       3.200000       4.800000       2.000000       3.800000       2.700000       6.100000    
 1987   4.000000       4.400000       3.600000       4.200000       4.600000       7.000000       4.100000       2.700000       2.300000       6.000000       5.200000       2.200000    
 1988   5.600000       6.599999       10.60000       2.000000       4.800000       2.500000       3.000000       3.300000       2.900000       6.200000       1.600000       5.600000    
 1989  0.3000000       3.900000       3.400000       8.500000       2.100000       1.300000       4.400000       3.300000       1.700000       2.900000       2.200000       4.800000    
 1990   1.500000       12.10000       2.100000       3.800000       2.300000       6.900001       1.200000       2.400000       3.100000       5.800000       4.400000       2.800000    
 1991   3.100000       1.800000       3.300000       2.600000       2.300000       5.100000       3.400000      0.9000001       3.600000       3.600000       4.500000       5.900000    
 1992  0.7000000       3.400000       3.600000       3.100000       2.500000       5.800000       3.800000       3.000000       3.000000       7.500000       8.800000       4.400000    
 1993   1.600000       1.400000       1.400000       5.700001       3.300000       4.800000       5.600000       3.000000       6.700001       5.200000      0.7000000       10.30000    
 1994   7.900000       2.000000       1.700000       5.900000       6.300000       3.300000       2.300000       3.400000       6.900001       3.200000       4.000000       3.800000    
 1995   7.400000       7.600000       5.100000       4.400000       6.599999       1.800000       2.700000       3.700000       5.400000      0.8000002       3.200000       3.600000    
 1996   2.200000       3.300000       1.100000       1.400000       3.900000       2.200000       4.900000       3.700000       1.800000       3.700000       10.50000       3.200000    
 1997   2.000000       4.800000       1.300000       2.100000       3.500000       6.300000       4.700000       3.200000       2.200000       2.700000       2.700000       4.600000    
 1998   4.600000      0.8999999       1.800000       4.900000       1.500000       3.900000       2.900000       1.300000       5.300000       5.500000       3.600000       1.400000    
 1999   3.800000       7.400000       2.500000       5.100000       6.100000       4.600000       3.400000       4.200000       3.900000       3.400000       3.300000       6.200000    
 2000   1.100000       4.300000       2.600000       4.300000       2.900000       3.000000       4.900000       2.700000       3.400000       7.500000       4.900001       2.800000    
 2001   4.500000       1.700000       8.900001       5.100000       4.700000       6.200000       3.400000       2.700000       4.000000       1.600000       2.500000       1.800000    
 2002   1.200000       4.300000       3.400000       1.300000       6.200000       4.200000       4.200000       4.900001       3.200000       3.500000       9.800001       3.200000    
 2003   3.600000       1.900000       1.100000       3.300000       2.400000       2.100000       2.700000       2.900000       1.600000       5.300000       2.600000       3.300000    
 2004   7.700001       1.300000       1.500000       3.000000       2.300000       2.200000       3.000000       6.000000       1.300000       4.800000       2.400000       2.000000    
 2005   3.400000       1.900000       1.300000       5.600000       2.000000       2.400000       2.500000       4.800000       2.600000       2.200000       1.100000       3.100000    
 2006  0.9999998       2.400000       6.100000       4.000000       4.200000       1.800000       1.900000       5.200000       3.100000       3.000000       2.000000       2.600000    
 2007   3.200000       4.100000       2.800000      0.4000001       6.300000       5.500000       6.100000       5.100000       1.900000      0.7000000       2.500000       4.800000    
 2008   4.100000      0.6999998       3.800000       4.100000       4.000000       4.000000       4.700000       3.400000       3.800000       2.900000       4.800000       4.100000    
 2009   2.300000       3.000000       3.600000       2.400000       2.000000       2.400000       3.300000       1.200000       1.400000       1.200000       4.200001       5.100000    
 2010   1.600000       4.300000       2.500000       1.100000       6.100000       3.000000       3.200000       3.600000       1.700000       2.900000       4.200001       4.500000    
 2011   1.400000       1.100000       1.900000      0.9000001       3.200000       5.200000       3.800000       2.400000       2.600000       3.300000       2.200000       8.000000    
 2012   5.700000      0.4000001      0.7000000       5.200000       2.500000       3.300000       3.300000       3.600000       3.200000       2.300000       4.800000       6.599999    
 2013   2.100000       2.900000       2.600000       3.700000       5.900000       2.900000       4.200000       2.000000       2.600000       3.900000       5.000000       2.100000    
 2014   2.700000       3.800000       1.800000       3.600000       3.800000       1.800000       8.100000       3.900000       1.500000       3.300000       6.100000       2.300000    
 2015   4.900000       2.900000       5.100000       2.700000       5.800000       3.400000       2.100000       3.900000       2.900000       2.700000       3.800000      0.3000000    
 2016   8.100000       5.700000       2.200000       5.100000       6.100000       4.500000       3.600000       1.500000       3.100000       2.500000       5.300001      0.2000000    
 2017   1.900000       3.400000       5.200000       2.700000       3.400000       3.100000       2.900000       3.500000       1.600000       1.500000       3.400000       8.000000    
 2018   15.20000       2.000000       3.700000       2.000000       4.500000       1.700000       2.500000       3.400000       1.500000       3.600000       2.600000       6.000000    
 2019   2.400000       2.000000       4.500000       4.000000       4.600000       3.300000       3.200000       3.700000       1.400000       5.700001       5.500000       6.100000    
 2020   1.100000       5.000000      -999.9000      -999.9000      -999.9000      -999.9000      -999.9000      -999.9000      -999.9000      -999.9000      -999.9000      -999.9000    
